8.289760187582644
5.600156608737983
4.88739343554138
4.305585878492156
4.278399514020519
4.105354056036655
3.8596288578414963
3.7928743195019052
3.595187689165652
3.517227541774865
3.517227541774865
3.338389533328286
3.338389533328286
3.2845287976898696
3.1755849852496922
3.0224771949344316
2.9700210484190706
2.9700210484190706
2.91544326744976
2.91544326744976
2.91544326744976
2.91544326744976
2.8885781846735306
2.8479556863476745
2.697025898441698
2.342402186381321
2.342402186381321
2.1100501888615213
1.6129452928339667
1.406667618456897
0.7216002725819521
0.7216002725819521
0.7216002725819521
0.7216002725819521
0.604081438013564
0.5253810845076003
0.38647248481913365
0.25889105351105
0.25889105351105
0.24145074949029421
0.1870541432944428
0.18551456449867842
0.1782221076827426
0.1782221076827426
0.1782221076827426
0.1782221076827426
0.1782221076827426
0.1782221076827426
0.1782221076827426
0.1782221076827426
0.15208987826333242
0.15208987826333242
0.15208987826333242
0.15208987826333242
0.15208987826333242
0.15208987826333242
0.15208987826333242
0.15208987826333242
0.15208987826333242
0.15208987826333242
0.15208987826333242
0.15208987826333242
0.15208987826333242
0.15208987826333242
0.15208987826333242
0.15208987826333242
0.15208987826333242
0.15208987826333242
0.15208987826333242
0.15208987826333242
0.15208987826333242
0.15208987826333242
0.15208987826333242
0.15208987826333242
0.15208987826333242
0.15208987826333242
0.15208987826333242
0.15208987826333242
0.15208987826333242
0.15208987826333242
0.15208987826333242
0.15208987826333242
0.15208987826333242
0.15208987826333242
0.15208987826333242
0.15208987826333242
0.15208987826333242
0.15208987826333242
0.15208987826333242
0.15208987826333242
0.15208987826333242
0.15208987826333242
0.15208987826333242
0.15208987826333242
0.15208987826333242
0.15208987826333242
0.15208987826333242
0.15208987826333242
0.15208987826333242
0.15208987826333242
