0.7581603260047132	5.019461186031936	2.5121386755459945
0.8176967589027413	4.303151329519942	0.4793085203152998
0.1742698364060118	4.204957991941065	0.5081656071943037
0.32287857526048924	3.5375566176565023	0.4451506855751646
0.5040062307753885	3.7343404774330473	0.04005280581208304
0.0794147027723966	3.982131990597651	0.04380736266660712
0.11215708768742161	3.41726778952064	0.3302039806334349
0.06178890833848527	3.400881430529985	0.3302039806334349
0.006148124870492211	3.488791487203372	0.10024807709178774
0.018427729905340584	3.406542105076902	0.09225770679262268
1.8388022599234262	3.406542105076902	0.6952972067209942
0.20630950980972784	3.0669194902719745	0.06516053324658344
0.536648369634861	0.9996281403422493	0.058817847168832316
0.05682128923047003	3.0540883357557185	0.1736191727036811
0.0677254218744281	3.0026512396069087	0.10520832376835543
0.02904853127682827	2.9482010405228323	0.04522762313477102
0.058380889965576444	2.8955765528921766	0.016063605561317473
1.7793883363558507	1.0424754413936057	0.016063605561317473
0.018685799753370702	2.851529844561618	0.04522762313477102
0.31421748080222756	2.7647733866682778	0.1257423850966859
0.31421748080222756	2.7647733866682778	0.1257423850966859
0.3303019659312838	2.852778370967556	0.11596751665147487
0.021695723580478443	2.86372280018173	0.0031596609113222485
0.215235801611243	2.6295602238251092	0.0031596609113222485
0.15461280977388014	2.5392534277564955	0.0031596609113222485
0.03562383801622104	2.299523416602547	0.007254931762552985
0.004693275500784466	2.3278451690670146	0.007254931762552985
0.17299463010877503	1.7204186565307538	0.2166369022219925
0.1843248924890588	1.3676541769058765	0.06096622343903135
0.0399820202259491	1.1819147898796594	0.18477080835128845
0.024403873137202936	0.5584936004732945	0.13870279897145465
0.024403873137202936	0.5584936004732945	0.13870279897145465
0.7480920973802085	1.5874232439574207	0.13870279897145465
0.781336805062125	1.5874232439574207	0.1369015141829557
0.19332823129826693	0.388652657074104	0.022100549641193012
0.2409672952642552	0.07774007538960959	0.20667371385373556
0.025654863243943282	0.28807196077575625	0.07274566079943412
0.2159396555805131	0.014208745144429713	0.028742652786107215
0.46344590156363097	0.1258137990287942	0.028742652786107215
0.13338486707763764	0.03453948020424136	0.07352640220841522
0.1316483412387015	0.016117347420088635	0.03928845463565267
0.040044778570830886	0.012623638680224758	0.13284614724762278
0.08592798022448278	0.025223961553265895	0.06707016590499393
1.4338289977672503	0.47637207290169314	0.6227276591734281
1.4338289977672503	0.47637207290169314	0.6227276591734281
1.3770864472144524	0.3536254994277215	0.6621768225540876
0.9402978148144427	0.08929745086179963	0.6330346573909509
0.9384428862887262	0.08929745086179963	0.6326944073965031
0.9384428862887262	0.08929745086179963	0.6326944073965031
0.2922405275053279	1.4495234708051647	0.5779860560387569
0.046126612594065364	0.05104775050507371	0.05491551516419335
0.046126612594065364	0.05104775050507371	0.05491551516419335
1.3778214281287546	0.4964686156470641	10.946958105066606
1.3778214281287546	0.4964686156470641	10.946958105066606
1.533445777698006	0.4964686156470641	10.88669829876886
1.533445777698006	0.4964686156470641	10.88669829876886
1.533445777698006	0.4964686156470641	10.88669829876886
1.70615847254723	0.5254790024437952	10.853714000379913
0.7352518915396331	0.481599580707325	9.877543098714693
0.7352518915396331	0.481599580707325	9.877543098714693
0.7352518915396331	0.481599580707325	9.877543098714693
0.7352518915396331	0.481599580707325	9.877543098714693
0.6181821743938372	0.24787514794651244	9.877543098714693
1.9631876088691342	0.3335984062575008	10.633910822330364
1.7765832080713437	0.40138766365822676	10.870749321330077
1.6492769466226491	0.40138766365822676	11.035613097942047
1.8220863530214046	0.49097564085088763	11.038405016258583
1.7810752326511192	4.795291771541049	9.68161292772923
0.5384164025168161	4.041410055400611	9.24037077908389
0.5402953661277365	4.0161892085058035	9.24037077908389
1.9087313014882454	4.112501486033732	9.52668148793676
1.9087313014882454	4.112501486033732	9.52668148793676
0.36913120877579786	3.886505893378221	9.14166939248507
0.46229425505200084	4.003981171274564	9.14166939248507
0.46229425505200084	4.003981171274564	9.14166939248507
0.5557311271070375	3.9753565596073344	9.055262317448143
0.5173852124509608	4.127288078499852	7.5271687109110985
0.5173852124509608	4.127288078499852	7.5271687109110985
1.659520615290404	4.829524860721467	8.523955744952705
1.659520615290404	4.829524860721467	8.523955744952705
1.659520615290404	4.829524860721467	8.523955744952705
1.9196710203170255	4.984985524071966	8.42673183604381
1.9196710203170255	4.984985524071966	8.42673183604381
0.7815079076719371	5.537314634689331	8.024292962293373
0.7815079076719371	5.537314634689331	8.024292962293373
0.37114579432792993	5.45594828140306	8.286725582610138
1.9926946941682218	5.356529088423496	7.680673724995781
1.9926946941682218	5.356529088423496	7.680673724995781
1.9926946941682218	5.356529088423496	7.680673724995781
1.9926946941682218	5.356529088423496	7.680673724995781
1.9926946941682218	5.356529088423496	7.680673724995781
0.3922116578725081	5.108146793762661	7.194967869491759
0.3922116578725081	5.108146793762661	7.194967869491759
0.8461483819319255	3.5545203286750784	37.66931556528209
0.8461483819319255	3.5545203286750784	37.66931556528209
0.8461483819319255	3.5545203286750784	37.66931556528209
0.8631780625312899	3.5545203286750784	37.680872092501986
0.8449113668182235	3.5550318249576875	37.680872092501986
1.912390655370615	3.395953442776168	36.545627826741466
1.912390655370615	3.395953442776168	36.545627826741466
