10.336353614172328
7.031872856679673
4.819540328189294
3.9541797098108162
3.0233883700824933
2.5105635863089084
2.22399872715577
1.7826812971541557
0.8108053369609323
0.759121295163915
0.6892005960226477
0.6892005960226477
0.6653750841823829
0.6653750841823829
0.5266792663339075
0.25876562482210375
0.16971912361022135
0.16971912361022135
0.16971912361022135
0.15716796164984004
0.15716796164984004
0.15716796164984004
0.15716796164984004
0.15716796164984004
0.15716796164984004
0.15716796164984004
0.15716796164984004
0.15716796164984004
0.15716796164984004
0.15716796164984004
0.15716796164984004
0.15716796164984004
0.15716796164984004
0.15716796164984004
0.15716796164984004
0.15716796164984004
0.15716796164984004
0.15716796164984004
0.15716796164984004
0.15716796164984004
0.15716796164984004
0.15716796164984004
0.15716796164984004
0.15716796164984004
0.15716796164984004
0.15716796164984004
0.15716796164984004
0.15716796164984004
0.15716796164984004
0.15716796164984004
0.15716796164984004
0.15716796164984004
0.15716796164984004
0.15716796164984004
0.15716796164984004
0.15716796164984004
0.15716796164984004
0.15716796164984004
0.15716796164984004
0.15716796164984004
0.15716796164984004
0.15716796164984004
0.15716796164984004
0.15716796164984004
0.15716796164984004
0.15716796164984004
0.15716796164984004
0.15716796164984004
0.15716796164984004
0.15716796164984004
0.15716796164984004
0.15716796164984004
0.15716796164984004
0.15716796164984004
0.15716796164984004
0.15716796164984004
0.15716796164984004
0.15716796164984004
0.15716796164984004
0.15716796164984004
0.15716796164984004
0.15716796164984004
0.15716796164984004
0.15716796164984004
0.15716796164984004
0.15716796164984004
0.15716796164984004
0.15716796164984004
0.15716796164984004
0.15716796164984004
0.15716796164984004
0.15716796164984004
0.15716796164984004
0.15716796164984004
0.15716796164984004
0.15716796164984004
0.15716796164984004
0.15716796164984004
0.15716796164984004
0.15716796164984004
