0.02084111814505718	4.090392538232898	6.225119957794373
0.1695019776533968	3.838621480935135	3.023749398091141
0.031148001882485232	1.6275920300874276	3.1608002962193815
0.002834732777159843	1.3769223814994334	2.574422595534223
0.00736291322570537	1.5503094248282636	1.4657160320285243
0.14423888489602632	0.7836248118026319	1.5826998896102502
0.0572577014639819	1.2887786390661269	0.8779623866256614
0.6860981414850187	0.6303770879171715	0.4662060677519655
0.002493560132904804	0.8057634846761417	0.0025482921518857893
0.0048827640146384965	0.7156926386783411	0.03854589247093543
0.11721676251022473	0.4432181853818733	0.1287656481305497
2.261040887683208	3.6154002875135056	0.2605190176267449
0.14015696530435662	0.2828318547103308	0.2423862641676955
0.45998790258141753	0.06185441971981476	0.415248218046397
0.08331836005643822	0.09343364866701975	0.3499272576104495
0.020900746333950337	0.08328978954182276	0.15457508894633065
0.001170583826251459	0.1409847945014313	0.027563745282538576
0.5602386817246554	0.6277865288435791	1.4947044562015854
0.5602386817246554	0.6277865288435791	1.4947044562015854
0.016080940363934815	0.0723754382967634	0.06871158298914182
1.026711864961385	0.9390933631497234	0.28603998624115334
1.026711864961385	0.9390933631497234	0.28603998624115334
1.026711864961385	0.9390933631497234	0.28603998624115334
1.026711864961385	0.9390933631497234	0.28603998624115334
1.2582332908970102	0.9390933631497234	0.09476434581483417
1.2582332908970102	0.9390933631497234	0.09476434581483417
1.5345606381678465	4.150008404614489	3.1622916666212895
1.5345606381678465	4.150008404614489	3.1622916666212895
1.8667661814951657	5.380602292433704	3.2427659289039745
1.7617394468470593	5.337961729884963	3.2427659289039745
1.5035474499224506	5.337961729884963	3.9472712150850455
1.5035474499224506	5.337961729884963	3.9472712150850455
1.4353807938024943	5.384872609971989	3.9090482481381024
1.4353807938024943	5.384872609971989	3.9090482481381024
0.5549907167161336	5.829603946123445	5.139604296634676
0.5549907167161336	5.829603946123445	5.139604296634676
0.9399422843071648	6.778601742672965	4.733265834897125
0.9399422843071648	6.778601742672965	4.733265834897125
0.34919265579125636	7.838695394617741	5.511005515735466
0.34919265579125636	7.838695394617741	5.511005515735466
0.683530887563137	9.121576983880153	5.562154147560236
0.683530887563137	9.121576983880153	5.562154147560236
1.0838009798997632	8.941770678895058	11.904902726550002
1.3204013423526817	9.555058702722118	13.428646941713065
0.932215873493135	9.722293463178595	13.615444696977296
0.932215873493135	9.722293463178595	13.615444696977296
0.932215873493135	9.722293463178595	13.615444696977296
0.49232509202593633	9.540360884497218	13.021689959408516
0.9051523805542558	9.70606151384257	13.171630209446203
1.211305666091647	10.114702448439715	13.171630209446203
1.0756831296390317	9.988389400363403	12.622941390566698
1.0756831296390317	9.988389400363403	12.622941390566698
1.1603876303302059	10.033397413398323	12.622941390566698
1.0282131524649287	10.462724436262942	14.738909259449056
0.12722011562840407	10.193303694559148	14.283069817239674
0.12722011562840407	10.193303694559148	14.283069817239674
0.12722011562840407	10.193303694559148	14.283069817239674
2.2123123670313305	11.906326129168686	14.283069817239674
2.348214445486434	12.342198147213573	14.228617662862408
2.348214445486434	12.342198147213573	14.228617662862408
2.348214445486434	12.342198147213573	14.228617662862408
2.348214445486434	12.342198147213573	14.228617662862408
2.348214445486434	12.342198147213573	14.228617662862408
2.3345908907450053	12.556431771380204	14.281758123033416
0.9912926043832897	12.855765569504172	14.480518147984437
0.7220629472039093	13.075394232587293	14.480518147984437
2.6636860698917815	13.305660709344679	14.511691599007197
2.6636860698917815	13.305660709344679	14.511691599007197
1.0616768578179006	13.257577110480725	14.438364669947699
0.5199109471865881	12.897897355235465	13.96535946651979
1.424466729970021	13.691350996795332	13.868537021414614
1.424466729970021	13.691350996795332	13.868537021414614
2.6010611596065303	13.691350996795332	14.294128863670355
2.6010611596065303	13.691350996795332	14.294128863670355
2.6010611596065303	13.691350996795332	14.294128863670355
3.768822499006262	13.52476333084265	15.271661070201343
3.768822499006262	13.52476333084265	15.271661070201343
5.542847325644203	13.679667903111618	15.529815028481163
8.347501764356508	13.22116326280462	16.56957749534602
8.608416597504487	13.028245089951227	17.436429654786654
8.608416597504487	13.028245089951227	17.436429654786654
8.111699683365885	13.122450898704596	16.342747681497062
8.111699683365885	13.122450898704596	16.342747681497062
8.111699683365885	13.122450898704596	16.342747681497062
8.626701586413304	12.519340404845543	16.771430462800456
9.032369403126978	13.3389453595153	16.94714336932253
6.6442256389921965	13.42792397514567	16.752260142953308
6.6442256389921965	13.42792397514567	16.752260142953308
6.6442256389921965	13.42792397514567	16.752260142953308
6.465762800396732	13.638377838995755	16.681998502243577
2.7122899604067356	13.333458722040056	19.015702442435412
2.7122899604067356	13.333458722040056	19.015702442435412
2.122132710949586	11.584692205460463	19.00007183343488
2.122132710949586	11.584692205460463	19.00007183343488
2.122132710949586	11.584692205460463	19.00007183343488
2.122132710949586	11.584692205460463	19.00007183343488
1.799784134329144	11.832624875215735	18.942778662853854
1.3375375139303003	11.844291565666829	18.722615063934875
1.3375375139303003	11.844291565666829	18.722615063934875
0.5864025600346565	11.885961963415099	19.31529169542955
